-2 -21.2194
-2.0001 -21.2153
-2.0002 -21.2112
-2.0003 -21.2071
-2.0004 -21.203
-2.0005 -21.1988
-2.0006 -21.1947
-2.0007 -21.1906
-2.0008 -21.1865
-2.0009 -21.1824
-2.001 -21.1783
-2.0011 -21.1742
-2.0012 -21.1701
-2.0013 -21.166
-2.0014 -21.1619
-2.0015 -21.1578
-2.0016 -21.1536
-2.0017 -21.1495
-2.0018 -21.1454
-2.0019 -21.1413
-2.002 -21.1372
-2.0021 -21.1331
-2.0022 -21.129
-2.0023 -21.1249
-2.0024 -21.1208
-2.0025 -21.1167
-2.0026 -21.1126
-2.0027 -21.1085
-2.0028 -21.1044
-2.0029 -21.1003
-2.003 -21.0962
-2.0031 -21.0921
-2.0032 -21.088
-2.0033 -21.0839
-2.0034 -21.0798
-2.0035 -21.0757
-2.0036 -21.0716
-2.0037 -21.0675
-2.0038 -21.0634
-2.0039 -21.0593
-2.004 -21.0552
-2.0041 -21.0511
-2.0042 -21.047
-2.0043 -21.0429
-2.0044 -21.0388
-2.0045 -21.0347
-2.0046 -21.0306
-2.0047 -21.0266
-2.0048 -21.0225
-2.0049 -21.0184
-2.005 -21.0143
-2.0051 -21.0102
-2.0052 -21.0061
-2.0053 -21.002
-2.0054 -20.9979
-2.0055 -20.9938
-2.0056 -20.9897
-2.0057 -20.9856
-2.0058 -20.9815
-2.0059 -20.9775
-2.006 -20.9734
-2.0061 -20.9693
-2.0062 -20.9652
-2.0063 -20.9611
-2.0064 -20.957
-2.0065 -20.9529
-2.0066 -20.9488
-2.0067 -20.9448
-2.0068 -20.9407
-2.0069 -20.9366
-2.007 -20.9325
-2.0071 -20.9284
-2.0072 -20.9243
-2.0073 -20.9202
-2.0074 -20.9162
-2.0075 -20.9121
-2.0076 -20.908
-2.0077 -20.9039
-2.0078 -20.8998
-2.0079 -20.8958
-2.008 -20.8917
-2.0081 -20.8876
-2.0082 -20.8835
-2.0083 -20.8794
-2.0084 -20.8753
-2.0085 -20.8713
-2.0086 -20.8672
-2.0087 -20.8631
-2.0088 -20.859
-2.0089 -20.855
-2.009 -20.8509
-2.0091 -20.8468
-2.0092 -20.8427
-2.0093 -20.8387
-2.0094 -20.8346
-2.0095 -20.8305
-2.0096 -20.8264
-2.0097 -20.8224
-2.0098 -20.8183
-2.0099 -20.8142
-2.01 -20.8101
-2.0101 -20.8061
-2.0102 -20.802
-2.0103 -20.7979
-2.0104 -20.7938
-2.0105 -20.7898
-2.0106 -20.7857
-2.0107 -20.7816
-2.0108 -20.7776
-2.0109 -20.7735
-2.011 -20.7694
-2.0111 -20.7654
-2.0112 -20.7613
-2.0113 -20.7572
-2.0114 -20.7531
-2.0115 -20.7491
-2.0116 -20.745
-2.0117 -20.7409
-2.0118 -20.7369
-2.0119 -20.7328
-2.012 -20.7287
-2.0121 -20.7247
-2.0122 -20.7206
-2.0123 -20.7166
