-25,-0.0728142
-24.9688,-0.0729727
-24.9375,-0.0731322
-24.9063,-0.0732928
-24.875,-0.0734544
-24.8438,-0.0736172
-24.8125,-0.073781
-24.7813,-0.0739459
-24.75,-0.074112
-24.7188,-0.0742792
-24.6875,-0.0744475
-24.6563,-0.0746171
-24.625,-0.0747878
-24.5938,-0.0749597
-24.5625,-0.0751329
-24.5313,-0.0753073
-24.5,-0.075483
-24.4688,-0.07566
-24.4375,-0.0758383
-24.4063,-0.0760179
-24.375,-0.0761988
-24.3438,-0.0763811
-24.3125,-0.0765648
-24.2813,-0.0767499
-24.25,-0.0769364
-24.2188,-0.0771244
-24.1875,-0.0773138
-24.1563,-0.0775047
-24.125,-0.0776972
-24.0938,-0.0778912
-24.0625,-0.0780867
-24.0313,-0.0782838
-24,-0.0784826
-23.9688,-0.078683
-23.9375,-0.078885
-23.9063,-0.0790888
-23.875,-0.0792942
-23.8438,-0.0795014
-23.8125,-0.0797104
-23.7813,-0.0799212
-23.75,-0.0801338
-23.7188,-0.0803483
-23.6875,-0.0805647
-23.6563,-0.080783
-23.625,-0.0810032
-23.5938,-0.0812254
-23.5625,-0.0814497
-23.5313,-0.081676
-23.5,-0.0819044
-23.4688,-0.0821349
-23.4375,-0.0823676
-23.4063,-0.0826025
-23.375,-0.0828396
-23.3438,-0.083079
-23.3125,-0.0833208
-23.2813,-0.0835648
-23.25,-0.0838113
-23.2188,-0.0840602
-23.1875,-0.0843116
-23.1563,-0.0845655
-23.125,-0.084822
-23.0938,-0.0850811
-23.0625,-0.0853428
-23.0313,-0.0856073
-23,-0.0858746
-22.9688,-0.0861446
-22.9375,-0.0864176
-22.9063,-0.0866934
-22.875,-0.0869722
-22.8438,-0.0872541
-22.8125,-0.087539
-22.7813,-0.0878271
-22.75,-0.0881184
-22.7188,-0.088413
-22.6875,-0.0887109
-22.6563,-0.0890122
-22.625,-0.089317
-22.5938,-0.0896253
-22.5625,-0.0899372
-22.5313,-0.0902528
-22.5,-0.0905721
-22.4688,-0.0908953
-22.4375,-0.0912223
-22.4063,-0.0915534
-22.375,-0.0918885
-22.3438,-0.0922278
-22.3125,-0.0925713
-22.2813,-0.0929191
-22.25,-0.0932714
-22.2188,-0.0936281
-22.1875,-0.0939895
-22.1563,-0.0943556
-22.125,-0.0947265
-22.0938,-0.0951024
-22.0625,-0.0954832
-22.0313,-0.0958692
-22,-0.0962605
-21.9688,-0.0966571
-21.9375,-0.0970593
-21.9063,-0.097467
-21.875,-0.0978806
-21.8438,-0.0983
-21.8125,-0.0987254
-21.7813,-0.099157
-21.75,-0.0995949
-21.7188,-0.100039
-21.6875,-0.10049
-21.6563,-0.100948
-21.625,-0.101413
-21.5938,-0.101885
-21.5625,-0.102364
-21.5313,-0.102851
-21.5,-0.103345
-21.4688,-0.103847
-21.4375,-0.104357
-21.4063,-0.104876
-21.375,-0.105403
-21.3438,-0.105939
-21.3125,-0.106484
-21.2813,-0.107038
-21.25,-0.107601
-21.2188,-0.108174
-21.1875,-0.108757
-21.1563,-0.109351
-21.125,-0.109955
-21.0938,-0.11057
-21.0625,-0.111196
-21.0313,-0.111833
-21,-0.112482
-20.9688,-0.113144
-20.9375,-0.113818
-20.9063,-0.114505
-20.875,-0.115205
-20.8438,-0.115919
-20.8125,-0.116647
-20.7813,-0.11739
-20.75,-0.118148
-20.7188,-0.118921
-20.6875,-0.11971
-20.6563,-0.120516
-20.625,-0.121339
-20.5938,-0.12218
-20.5625,-0.123039
-20.5313,-0.123917
-20.5,-0.124815
-20.4688,-0.125733
-20.4375,-0.126671
-20.4063,-0.127632
-20.375,-0.128615
-20.3438,-0.129622
-20.3125,-0.130652
-20.2813,-0.131708
-20.25,-0.13279
-20.2188,-0.133899
-20.1875,-0.135037
-20.1563,-0.136203
-20.125,-0.1374
-20.0938,-0.138629
-20.0625,-0.139891
-20.0313,-0.141187
-20,-0.142519
-19.9688,-0.143889
-19.9375,-0.145298
-19.9063,-0.146747
-19.875,-0.148239
-19.8438,-0.149776
-19.8125,-0.15136
-19.7813,-0.152992
-19.75,-0.154676
-19.7188,-0.156413
-19.6875,-0.158207
-19.6563,-0.16006
-19.625,-0.161975
-19.5938,-0.163955
-19.5625,-0.166005
-19.5313,-0.168128
-19.5,-0.170327
-19.4688,-0.172607
-19.4375,-0.174973
-19.4063,-0.177429
-19.375,-0.179982
-19.3438,-0.182636
-19.3125,-0.185398
-19.2813,-0.188276
-19.25,-0.191275
-19.2188,-0.194406
-19.1875,-0.197675
-19.1563,-0.201093
-19.125,-0.20467
-19.0938,-0.208419
-19.0625,-0.21235
-19.0313,-0.216479
-19,-0.220821
-18.9688,-0.225392
-18.9375,-0.230212
-18.9063,-0.235301
-18.875,-0.240684
-18.8438,-0.246385
-18.8125,-0.252435
-18.7813,-0.258867
-18.75,-0.265718
-18.7188,-0.273031
-18.6875,-0.280854
-18.6563,-0.289244
-18.625,-0.298263
-18.5938,-0.307986
-18.5625,-0.318499
-18.5313,-0.329903
-18.5,-0.342316
-18.4688,-0.355879
-18.4375,-0.37076
-18.4063,-0.38716
-18.375,-0.405327
-18.3438,-0.425563
-18.3125,-0.448241
-18.2813,-0.473835
-18.25,-0.502946
-18.2188,-0.536353
-18.1875,-0.575084
-18.1563,-0.620523
-18.125,-0.674581
-18.0938,-0.739968
-18.0625,-0.820666
-18.0313,-0.922767
-18,-1.05609
-17.9688,-1.23756
-17.9375,-1.499
-17.9063,-1.90824
-17.875,-2.63998
-17.8438,-4.32352
-17.8125,-12.2706
-17.7813,14.1522
-17.75,4.4398
-17.7188,2.61579
-17.6875,1.84537
-17.6563,1.42022
-17.625,1.15072
-17.5938,0.964621
-17.5625,0.828386
-17.5313,0.724342
-17.5,0.642282
-17.4688,0.575903
-17.4375,0.521099
-17.4063,0.475086
-17.375,0.435904
-17.3438,0.402136
-17.3125,0.372731
-17.2813,0.346895
-17.25,0.324014
-17.2188,0.303608
-17.1875,0.285296
-17.1563,0.26877
-17.125,0.253782
-17.0938,0.240125
-17.0625,0.227629
-17.0313,0.216152
-17,0.205574
-16.9688,0.195793
-16.9375,0.186723
-16.9063,0.178287
-16.875,0.170421
-16.8438,0.16307
-16.8125,0.156184
-16.7813,0.14972
-16.75,0.14364
-16.7188,0.137911
-16.6875,0.132504
-16.6563,0.127391
-16.625,0.122549
-16.5938,0.117958
-16.5625,0.113597
-16.5313,0.10945
-16.5,0.105502
-16.4688,0.101738
-16.4375,0.0981454
-16.4063,0.094713
-16.375,0.0914301
-16.3438,0.088287
-16.3125,0.0852748
-16.2813,0.0823856
-16.25,0.0796117
-16.2188,0.0769464
-16.1875,0.0743833
-16.1563,0.0719166
-16.125,0.0695408
-16.0938,0.067251
-16.0625,0.0650425
-16.0313,0.0629109
-16,0.0608522
-15.9688,0.0588628
-15.9375,0.0569391
-15.9063,0.0550778
-15.875,0.0532758
-15.8438,0.0515305
-15.8125,0.0498389
-15.7813,0.0481987
-15.75,0.0466075
-15.7188,0.0450631
-15.6875,0.0435634
-15.6563,0.0421063
-15.625,0.0406902
-15.5938,0.0393132
-15.5625,0.0379737
-15.5313,0.0366701
-15.5,0.0354009
-15.4688,0.0341649
-15.4375,0.0329606
-15.4063,0.0317867
-15.375,0.0306422
-15.3438,0.0295259
-15.3125,0.0284367
-15.2813,0.0273737
-15.25,0.0263357
-15.2188,0.025322
-15.1875,0.0243316
-15.1563,0.0233638
-15.125,0.0224176
-15.0938,0.0214925
-15.0625,0.0205875
-15.0313,0.0197022
-15,0.0188357
-14.9688,0.0179875
-14.9375,0.0171569
-14.9063,0.0163434
-14.875,0.0155465
-14.8438,0.0147655
-14.8125,0.0140001
-14.7813,0.0132496
-14.75,0.0125137
-14.7188,0.0117919
-14.6875,0.0110838
-14.6563,0.0103889
-14.625,0.00970684
-14.5938,0.00903729
-14.5625,0.00837985
-14.5313,0.00773418
-14.5,0.00709992
-14.4688,0.00647677
-14.4375,0.00586439
-14.4063,0.0052625
-14.375,0.0046708
-14.3438,0.004089
-14.3125,0.00351684
-14.2813,0.00295406
-14.25,0.00240041
-14.2188,0.00185564
-14.1875,0.00131951
-14.1563,0.000791802
-14.125,0.000272297
-14.0938,-0.00023922
-14.0625,-0.000742952
-14.0313,-0.0012391
-14,-0.00172785
-13.9688,-0.00220939
-13.9375,-0.0026839
-13.9063,-0.00315156
-13.875,-0.00361253
-13.8438,-0.00406697
-13.8125,-0.00451504
-13.7813,-0.0049569
-13.75,-0.0053927
-13.7188,-0.00582257
-13.6875,-0.00624666
-13.6563,-0.00666511
-13.625,-0.00707803
-13.5938,-0.00748557
-13.5625,-0.00788785
-13.5313,-0.00828498
-13.5,-0.00867708
-13.4688,-0.00906427
-13.4375,-0.00944666
-13.4063,-0.00982435
-13.375,-0.0101974
-13.3438,-0.010566
-13.3125,-0.0109303
-13.2813,-0.0112902
-13.25,-0.0116459
-13.2188,-0.0119975
-13.1875,-0.0123451
-13.1563,-0.0126887
-13.125,-0.0130285
-13.0938,-0.0133645
-13.0625,-0.0136968
-13.0313,-0.0140256
-13,-0.0143507
-12.9688,-0.0146724
-12.9375,-0.0149907
-12.9063,-0.0153057
-12.875,-0.0156175
-12.8438,-0.015926
-12.8125,-0.0162314
-12.7813,-0.0165338
-12.75,-0.0168332
-12.7188,-0.0171296
-12.6875,-0.0174231
-12.6563,-0.0177139
-12.625,-0.0180018
-12.5938,-0.0182871
-12.5625,-0.0185697
-12.5313,-0.0188497
-12.5,-0.0191272
-12.4688,-0.0194021
-12.4375,-0.0196747
-12.4063,-0.0199448
-12.375,-0.0202125
-12.3438,-0.020478
-12.3125,-0.0207412
-12.2813,-0.0210021
-12.25,-0.0212609
-12.2188,-0.0215176
-12.1875,-0.0217722
-12.1563,-0.0220247
-12.125,-0.0222752
-12.0938,-0.0225238
-12.0625,-0.0227704
-12.0313,-0.0230151
-12,-0.023258
-11.9688,-0.023499
-11.9375,-0.0237383
-11.9063,-0.0239758
-11.875,-0.0242116
-11.8438,-0.0244457
-11.8125,-0.0246782
-11.7813,-0.024909
-11.75,-0.0251383
-11.7188,-0.025366
-11.6875,-0.0255922
-11.6563,-0.0258169
-11.625,-0.0260401
-11.5938,-0.0262619
-11.5625,-0.0264823
-11.5313,-0.0267013
-11.5,-0.026919
-11.4688,-0.0271353
-11.4375,-0.0273504
-11.4063,-0.0275642
-11.375,-0.0277767
-11.3438,-0.0279881
-11.3125,-0.0281982
-11.2813,-0.0284072
-11.25,-0.028615
-11.2188,-0.0288217
-11.1875,-0.0290274
-11.1563,-0.0292319
-11.125,-0.0294355
-11.0938,-0.029638
-11.0625,-0.0298394
-11.0313,-0.03004
-11,-0.0302395
-10.9688,-0.0304382
-10.9375,-0.0306359
-10.9063,-0.0308327
-10.875,-0.0310287
-10.8438,-0.0312238
-10.8125,-0.0314181
-10.7813,-0.0316116
-10.75,-0.0318042
-10.7188,-0.0319962
-10.6875,-0.0321874
-10.6563,-0.0323778
-10.625,-0.0325676
-10.5938,-0.0327566
-10.5625,-0.032945
-10.5313,-0.0331327
-10.5,-0.0333198
-10.4688,-0.0335063
-10.4375,-0.0336922
-10.4063,-0.0338775
-10.375,-0.0340623
-10.3438,-0.0342465
-10.3125,-0.0344302
-10.2813,-0.0346134
-10.25,-0.0347961
-10.2188,-0.0349783
-10.1875,-0.0351601
-10.1563,-0.0353415
-10.125,-0.0355224
-10.0938,-0.0357029
-10.0625,-0.0358831
-10.0313,-0.0360629
-10,-0.0362423
-9.96875,-0.0364214
-9.9375,-0.0366002
-9.90625,-0.0367787
-9.875,-0.0369569
-9.84375,-0.0371349
-9.8125,-0.0373126
-9.78125,-0.0374901
-9.75,-0.0376673
-9.71875,-0.0378444
-9.6875,-0.0380213
-9.65625,-0.038198
-9.625,-0.0383746
-9.59375,-0.038551
-9.5625,-0.0387274
-9.53125,-0.0389036
-9.5,-0.0390798
-9.46875,-0.0392559
-9.4375,-0.0394319
-9.40625,-0.039608
-9.375,-0.039784
-9.34375,-0.03996
-9.3125,-0.0401361
-9.28125,-0.0403122
-9.25,-0.0404883
-9.21875,-0.0406646
-9.1875,-0.0408409
-9.15625,-0.0410173
-9.125,-0.0411939
-9.09375,-0.0413706
-9.0625,-0.0415475
-9.03125,-0.0417245
-9,-0.0419018
-8.96875,-0.0420793
-8.9375,-0.042257
-8.90625,-0.042435
-8.875,-0.0426133
-8.84375,-0.0427918
-8.8125,-0.0429707
-8.78125,-0.0431499
-8.75,-0.0433295
-8.71875,-0.0435094
-8.6875,-0.0436898
-8.65625,-0.0438705
-8.625,-0.0440517
-8.59375,-0.0442334
-8.5625,-0.0444155
-8.53125,-0.0445981
-8.5,-0.0447812
-8.46875,-0.0449649
-8.4375,-0.0451492
-8.40625,-0.045334
-8.375,-0.0455195
-8.34375,-0.0457055
-8.3125,-0.0458923
-8.28125,-0.0460797
-8.25,-0.0462678
-8.21875,-0.0464567
-8.1875,-0.0466463
-8.15625,-0.0468367
-8.125,-0.0470279
-8.09375,-0.0472199
-8.0625,-0.0474128
-8.03125,-0.0476066
-8,-0.0478012
-7.96875,-0.0479969
-7.9375,-0.0481935
-7.90625,-0.0483911
-7.875,-0.0485897
-7.84375,-0.0487894
-7.8125,-0.0489902
-7.78125,-0.0491921
-7.75,-0.0493952
-7.71875,-0.0495994
-7.6875,-0.0498049
-7.65625,-0.0500116
-7.625,-0.0502197
-7.59375,-0.050429
-7.5625,-0.0506397
-7.53125,-0.0508518
-7.5,-0.0510654
-7.46875,-0.0512804
-7.4375,-0.051497
-7.40625,-0.0517151
-7.375,-0.0519348
-7.34375,-0.0521562
-7.3125,-0.0523792
-7.28125,-0.052604
-7.25,-0.0528306
-7.21875,-0.053059
-7.1875,-0.0532893
-7.15625,-0.0535214
-7.125,-0.0537556
-7.09375,-0.0539918
-7.0625,-0.0542301
-7.03125,-0.0544705
-7,-0.0547131
-6.96875,-0.054958
-6.9375,-0.0552052
-6.90625,-0.0554547
-6.875,-0.0557067
-6.84375,-0.0559612
-6.8125,-0.0562182
-6.78125,-0.0564779
-6.75,-0.0567403
-6.71875,-0.0570055
-6.6875,-0.0572735
-6.65625,-0.0575445
-6.625,-0.0578185
-6.59375,-0.0580955
-6.5625,-0.0583758
-6.53125,-0.0586593
-6.5,-0.0589461
-6.46875,-0.0592365
-6.4375,-0.0595303
-6.40625,-0.0598278
-6.375,-0.060129
-6.34375,-0.0604341
-6.3125,-0.0607432
-6.28125,-0.0610563
-6.25,-0.0613736
-6.21875,-0.0616952
-6.1875,-0.0620212
-6.15625,-0.0623518
-6.125,-0.0626871
-6.09375,-0.0630273
-6.0625,-0.0633724
-6.03125,-0.0637226
-6,-0.0640781
-5.96875,-0.0644391
-5.9375,-0.0648056
-5.90625,-0.0651779
-5.875,-0.0655562
-5.84375,-0.0659407
-5.8125,-0.0663314
-5.78125,-0.0667288
-5.75,-0.0671328
-5.71875,-0.0675438
-5.6875,-0.067962
-5.65625,-0.0683877
-5.625,-0.068821
-5.59375,-0.0692622
-5.5625,-0.0697117
-5.53125,-0.0701696
-5.5,-0.0706363
-5.46875,-0.071112
-5.4375,-0.0715972
-5.40625,-0.0720921
-5.375,-0.072597
-5.34375,-0.0731124
-5.3125,-0.0736386
-5.28125,-0.074176
-5.25,-0.0747251
-5.21875,-0.0752862
-5.1875,-0.0758599
-5.15625,-0.0764466
-5.125,-0.0770469
-5.09375,-0.0776612
-5.0625,-0.0782901
-5.03125,-0.0789343
-5,-0.0795943
-4.96875,-0.0802709
-4.9375,-0.0809646
-4.90625,-0.0816763
-4.875,-0.0824068
-4.84375,-0.0831567
-4.8125,-0.0839271
-4.78125,-0.0847189
-4.75,-0.085533
-4.71875,-0.0863704
-4.6875,-0.0872323
-4.65625,-0.0881198
-4.625,-0.0890343
-4.59375,-0.0899769
-4.5625,-0.0909492
-4.53125,-0.0919526
-4.5,-0.0929888
-4.46875,-0.0940595
-4.4375,-0.0951665
-4.40625,-0.0963119
-4.375,-0.0974978
-4.34375,-0.0987265
-4.3125,-0.1
-4.28125,-0.101322
-4.25,-0.102695
-4.21875,-0.104121
-4.1875,-0.105605
-4.15625,-0.10715
-4.125,-0.10876
-4.09375,-0.110439
-4.0625,-0.112192
-4.03125,-0.114024
-4,-0.115941
-3.96875,-0.117949
-3.9375,-0.120055
-3.90625,-0.122266
-3.875,-0.12459
-3.84375,-0.127038
-3.8125,-0.129619
-3.78125,-0.132344
-3.75,-0.135226
-3.71875,-0.138279
-3.6875,-0.14152
-3.65625,-0.144967
-3.625,-0.14864
-3.59375,-0.152562
-3.5625,-0.15676
-3.53125,-0.161264
-3.5,-0.16611
-3.46875,-0.171339
-3.4375,-0.176998
-3.40625,-0.183143
-3.375,-0.18984
-3.34375,-0.197167
-3.3125,-0.205219
-3.28125,-0.21411
-3.25,-0.223978
-3.21875,-0.234994
-3.1875,-0.247373
-3.15625,-0.261384
-3.125,-0.277376
-3.09375,-0.295801
-3.0625,-0.317262
-3.03125,-0.342578
-3,-0.372895
-2.96875,-0.409856
-2.9375,-0.455922
-2.90625,-0.514931
-2.875,-0.593237
-2.84375,-0.702165
-2.8125,-0.864058
-2.78125,-1.12997
-2.75,-1.64769
-2.71875,-3.0966
-2.6875,-30.4528
-2.65625,3.79364
-2.625,1.76489
-2.59375,1.141
-2.5625,0.838006
-2.53125,0.658969
-2.5,0.540733
-2.46875,0.456816
-2.4375,0.394167
-2.40625,0.345607
-2.375,0.306862
-2.34375,0.275228
-2.3125,0.248909
-2.28125,0.226669
-2.25,0.207627
-2.21875,0.191139
-2.1875,0.176721
-2.15625,0.164007
-2.125,0.152711
-2.09375,0.142607
-2.0625,0.133516
-2.03125,0.125292
-2,0.117817
-1.96875,0.110992
-1.9375,0.104735
-1.90625,0.0989788
-1.875,0.0936646
-1.84375,0.0887433
-1.8125,0.0841726
-1.78125,0.0799161
-1.75,0.0759423
-1.71875,0.0722238
-1.6875,0.0687364
-1.65625,0.0654592
-1.625,0.0623736
-1.59375,0.059463
-1.5625,0.056713
-1.53125,0.0541103
-1.5,0.0516434
-1.46875,0.0493018
-1.4375,0.047076
-1.40625,0.0449576
-1.375,0.042939
-1.34375,0.041013
-1.3125,0.0391735
-1.28125,0.0374146
-1.25,0.035731
-1.21875,0.034118
-1.1875,0.0325711
-1.15625,0.0310863
-1.125,0.0296599
-1.09375,0.0282883
-1.0625,0.0269685
-1.03125,0.0256976
-1,0.0244727
-0.96875,0.0232914
-0.9375,0.0221514
-0.90625,0.0210505
-0.875,0.0199866
-0.84375,0.0189579
-0.8125,0.0179626
-0.78125,0.0169991
-0.75,0.0160658
-0.71875,0.0151613
-0.6875,0.0142843
-0.65625,0.0134335
-0.625,0.0126077
-0.59375,0.0118057
-0.5625,0.0110266
-0.53125,0.0102693
-0.5,0.00953292
-0.46875,0.00881656
-0.4375,0.00811939
-0.40625,0.00744062
-0.375,0.00677951
-0.34375,0.00613536
-0.3125,0.00550749
-0.28125,0.00489528
-0.25,0.00429812
-0.21875,0.00371545
-0.1875,0.00314671
-0.15625,0.00259141
-0.125,0.00204905
-0.09375,0.00151916
-0.0625,0.0010013
-0.03125,0.000495048
0,3.98933e-12
0.03125,-0.000484229
0.0625,-0.000958005
0.09375,-0.00142168
0.125,-0.00187558
0.15625,-0.00232004
0.1875,-0.00275536
0.21875,-0.00318183
0.25,-0.00359974
0.28125,-0.00400935
0.3125,-0.00441091
0.34375,-0.00480468
0.375,-0.0051909
0.40625,-0.00556978
0.4375,-0.00594156
0.46875,-0.00630643
0.5,-0.00666461
0.53125,-0.00701627
0.5625,-0.00736162
0.59375,-0.00770082
0.625,-0.00803406
0.65625,-0.00836149
0.6875,-0.00868328
0.71875,-0.00899958
0.75,-0.00931054
0.78125,-0.0096163
0.8125,-0.009917
0.84375,-0.0102128
0.875,-0.0105037
0.90625,-0.01079
0.9375,-0.0110718
0.96875,-0.0113491
1,-0.011622
1.03125,-0.0118908
1.0625,-0.0121554
1.09375,-0.012416
1.125,-0.0126727
1.15625,-0.0129256
1.1875,-0.0131748
1.21875,-0.0134203
1.25,-0.0136622
1.28125,-0.0139007
1.3125,-0.0141357
1.34375,-0.0143675
1.375,-0.014596
1.40625,-0.0148213
1.4375,-0.0150435
1.46875,-0.0152628
1.5,-0.015479
1.53125,-0.0156923
1.5625,-0.0159029
1.59375,-0.0161106
1.625,-0.0163156
1.65625,-0.016518
1.6875,-0.0167177
1.71875,-0.016915
1.75,-0.0171097
1.78125,-0.017302
1.8125,-0.0174919
1.84375,-0.0176794
1.875,-0.0178646
1.90625,-0.0180476
1.9375,-0.0182284
1.96875,-0.018407
2,-0.0185836
2.03125,-0.018758
2.0625,-0.0189304
2.09375,-0.0191007
2.125,-0.0192692
2.15625,-0.0194357
2.1875,-0.0196003
2.21875,-0.019763
2.25,-0.019924
2.28125,-0.0200831
2.3125,-0.0202405
2.34375,-0.0203962
2.375,-0.0205502
2.40625,-0.0207025
2.4375,-0.0208532
2.46875,-0.0210023
2.5,-0.0211498
2.53125,-0.0212958
2.5625,-0.0214403
2.59375,-0.0215832
2.625,-0.0217248
2.65625,-0.0218648
2.6875,-0.0220035
2.71875,-0.0221407
2.75,-0.0222766
2.78125,-0.0224111
2.8125,-0.0225443
2.84375,-0.0226762
2.875,-0.0228069
2.90625,-0.0229362
2.9375,-0.0230643
2.96875,-0.0231912
3,-0.0233169
3.03125,-0.0234415
3.0625,-0.0235648
3.09375,-0.023687
3.125,-0.0238081
3.15625,-0.0239281
3.1875,-0.024047
3.21875,-0.0241648
3.25,-0.0242815
3.28125,-0.0243972
3.3125,-0.0245119
3.34375,-0.0246256
3.375,-0.0247382
3.40625,-0.0248499
3.4375,-0.0249606
3.46875,-0.0250704
3.5,-0.0251792
3.53125,-0.0252871
3.5625,-0.0253941
3.59375,-0.0255002
3.625,-0.0256054
3.65625,-0.0257097
3.6875,-0.0258131
3.71875,-0.0259158
3.75,-0.0260175
3.78125,-0.0261185
3.8125,-0.0262186
3.84375,-0.0263179
3.875,-0.0264165
3.90625,-0.0265142
3.9375,-0.0266112
3.96875,-0.0267074
4,-0.0268029
4.03125,-0.0268977
4.0625,-0.0269917
4.09375,-0.0270849
4.125,-0.0271775
4.15625,-0.0272694
4.1875,-0.0273605
4.21875,-0.027451
4.25,-0.0275409
4.28125,-0.02763
4.3125,-0.0277185
4.34375,-0.0278063
4.375,-0.0278935
4.40625,-0.0279801
4.4375,-0.028066
4.46875,-0.0281514
4.5,-0.0282361
4.53125,-0.0283202
4.5625,-0.0284037
4.59375,-0.0284866
4.625,-0.028569
4.65625,-0.0286508
4.6875,-0.028732
4.71875,-0.0288126
4.75,-0.0288927
4.78125,-0.0289723
4.8125,-0.0290513
4.84375,-0.0291297
4.875,-0.0292077
4.90625,-0.0292851
4.9375,-0.029362
4.96875,-0.0294384
5,-0.0295143
5.03125,-0.0295897
5.0625,-0.0296646
5.09375,-0.0297391
5.125,-0.029813
5.15625,-0.0298865
5.1875,-0.0299595
5.21875,-0.030032
5.25,-0.0301041
5.28125,-0.0301757
5.3125,-0.0302469
5.34375,-0.0303176
5.375,-0.0303879
5.40625,-0.0304577
5.4375,-0.0305272
5.46875,-0.0305961
5.5,-0.0306647
5.53125,-0.0307329
5.5625,-0.0308006
5.59375,-0.030868
5.625,-0.0309349
5.65625,-0.0310014
5.6875,-0.0310676
5.71875,-0.0311333
5.75,-0.0311987
5.78125,-0.0312637
5.8125,-0.0313283
5.84375,-0.0313925
5.875,-0.0314564
5.90625,-0.0315198
5.9375,-0.031583
5.96875,-0.0316457
6,-0.0317082
6.03125,-0.0317702
6.0625,-0.0318319
6.09375,-0.0318933
6.125,-0.0319543
6.15625,-0.032015
6.1875,-0.0320753
6.21875,-0.0321353
6.25,-0.032195
6.28125,-0.0322544
6.3125,-0.0323134
6.34375,-0.0323722
6.375,-0.0324306
6.40625,-0.0324886
6.4375,-0.0325464
6.46875,-0.0326039
6.5,-0.0326611
6.53125,-0.0327179
6.5625,-0.0327745
6.59375,-0.0328308
6.625,-0.0328867
6.65625,-0.0329424
6.6875,-0.0329978
6.71875,-0.0330529
6.75,-0.0331078
6.78125,-0.0331623
6.8125,-0.0332166
6.84375,-0.0332706
6.875,-0.0333243
6.90625,-0.0333778
6.9375,-0.033431
6.96875,-0.0334839
7,-0.0335366
7.03125,-0.033589
7.0625,-0.0336411
7.09375,-0.033693
7.125,-0.0337446
7.15625,-0.033796
7.1875,-0.0338471
7.21875,-0.033898
7.25,-0.0339487
7.28125,-0.0339991
7.3125,-0.0340492
7.34375,-0.0340992
7.375,-0.0341488
7.40625,-0.0341983
7.4375,-0.0342475
7.46875,-0.0342965
7.5,-0.0343452
7.53125,-0.0343938
7.5625,-0.0344421
7.59375,-0.0344902
7.625,-0.034538
7.65625,-0.0345857
7.6875,-0.0346331
7.71875,-0.0346803
7.75,-0.0347273
7.78125,-0.0347741
7.8125,-0.0348207
7.84375,-0.034867
7.875,-0.0349132
7.90625,-0.0349591
7.9375,-0.0350049
7.96875,-0.0350504
8,-0.0350958
8.03125,-0.0351409
8.0625,-0.0351859
8.09375,-0.0352306
8.125,-0.0352752
8.15625,-0.0353196
8.1875,-0.0353637
8.21875,-0.0354077
8.25,-0.0354515
8.28125,-0.0354952
8.3125,-0.0355386
8.34375,-0.0355818
8.375,-0.0356249
8.40625,-0.0356678
8.4375,-0.0357105
8.46875,-0.035753
8.5,-0.0357953
8.53125,-0.0358375
8.5625,-0.0358795
8.59375,-0.0359213
8.625,-0.035963
8.65625,-0.0360045
8.6875,-0.0360458
8.71875,-0.0360869
8.75,-0.0361279
8.78125,-0.0361687
8.8125,-0.0362094
8.84375,-0.0362498
8.875,-0.0362902
8.90625,-0.0363303
8.9375,-0.0363703
8.96875,-0.0364102
9,-0.0364499
9.03125,-0.0364894
9.0625,-0.0365288
9.09375,-0.036568
9.125,-0.0366071
9.15625,-0.036646
9.1875,-0.0366848
9.21875,-0.0367234
9.25,-0.0367619
9.28125,-0.0368002
9.3125,-0.0368384
9.34375,-0.0368764
9.375,-0.0369143
9.40625,-0.036952
9.4375,-0.0369896
9.46875,-0.0370271
9.5,-0.0370644
9.53125,-0.0371016
9.5625,-0.0371387
9.59375,-0.0371756
9.625,-0.0372123
9.65625,-0.037249
9.6875,-0.0372855
9.71875,-0.0373218
9.75,-0.0373581
9.78125,-0.0373942
9.8125,-0.0374301
9.84375,-0.037466
9.875,-0.0375017
9.90625,-0.0375373
9.9375,-0.0375727
9.96875,-0.0376081
10,-0.0376433
10.0313,-0.0376783
10.0625,-0.0377133
10.0938,-0.0377481
10.125,-0.0377828
10.1563,-0.0378174
10.1875,-0.0378519
10.2188,-0.0378862
10.25,-0.0379204
10.2813,-0.0379545
10.3125,-0.0379885
10.3438,-0.0380224
10.375,-0.0380562
10.4063,-0.0380898
10.4375,-0.0381233
10.4688,-0.0381567
10.5,-0.03819
10.5313,-0.0382232
10.5625,-0.0382563
10.5938,-0.0382892
10.625,-0.0383221
10.6563,-0.0383548
10.6875,-0.0383874
10.7188,-0.03842
10.75,-0.0384524
10.7813,-0.0384847
10.8125,-0.0385169
10.8438,-0.038549
10.875,-0.0385809
10.9063,-0.0386128
10.9375,-0.0386446
10.9688,-0.0386763
11,-0.0387078
11.0313,-0.0387393
11.0625,-0.0387707
11.0938,-0.0388019
11.125,-0.0388331
11.1563,-0.0388642
11.1875,-0.0388951
11.2188,-0.038926
11.25,-0.0389568
11.2813,-0.0389874
11.3125,-0.039018
11.3438,-0.0390485
11.375,-0.0390789
11.4063,-0.0391091
11.4375,-0.0391393
11.4688,-0.0391694
11.5,-0.0391994
11.5313,-0.0392293
11.5625,-0.0392592
11.5938,-0.0392889
11.625,-0.0393185
11.6563,-0.0393481
11.6875,-0.0393775
11.7188,-0.0394069
11.75,-0.0394361
11.7813,-0.0394653
11.8125,-0.0394944
11.8438,-0.0395234
11.875,-0.0395523
11.9063,-0.0395812
11.9375,-0.0396099
11.9688,-0.0396386
12,-0.0396672
12.0313,-0.0396957
12.0625,-0.0397241
12.0938,-0.0397524
12.125,-0.0397806
12.1563,-0.0398088
12.1875,-0.0398368
12.2188,-0.0398648
12.25,-0.0398927
12.2813,-0.0399206
12.3125,-0.0399483
12.3438,-0.039976
12.375,-0.0400036
12.4063,-0.0400311
12.4375,-0.0400585
12.4688,-0.0400858
12.5,-0.0401131
12.5313,-0.0401403
12.5625,-0.0401674
12.5938,-0.0401944
12.625,-0.0402214
12.6563,-0.0402483
12.6875,-0.0402751
12.7188,-0.0403018
12.75,-0.0403285
12.7813,-0.0403551
12.8125,-0.0403816
12.8438,-0.040408
12.875,-0.0404344
12.9063,-0.0404607
12.9375,-0.0404869
12.9688,-0.040513
13,-0.0405391
13.0313,-0.0405651
13.0625,-0.040591
13.0938,-0.0406169
13.125,-0.0406426
13.1563,-0.0406684
13.1875,-0.040694
13.2188,-0.0407196
13.25,-0.0407451
13.2813,-0.0407705
13.3125,-0.0407959
13.3438,-0.0408212
13.375,-0.0408464
13.4063,-0.0408716
13.4375,-0.0408967
13.4688,-0.0409217
13.5,-0.0409467
13.5313,-0.0409716
13.5625,-0.0409964
13.5938,-0.0410212
13.625,-0.0410459
13.6563,-0.0410705
13.6875,-0.0410951
13.7188,-0.0411196
13.75,-0.0411441
13.7813,-0.0411684
13.8125,-0.0411928
13.8438,-0.041217
13.875,-0.0412412
13.9063,-0.0412653
13.9375,-0.0412894
13.9688,-0.0413134
14,-0.0413374
14.0313,-0.0413613
14.0625,-0.0413851
14.0938,-0.0414088
14.125,-0.0414325
14.1563,-0.0414562
14.1875,-0.0414798
14.2188,-0.0415033
14.25,-0.0415268
14.2813,-0.0415502
14.3125,-0.0415735
14.3438,-0.0415968
14.375,-0.04162
14.4063,-0.0416432
14.4375,-0.0416663
14.4688,-0.0416894
14.5,-0.0417124
14.5313,-0.0417353
14.5625,-0.0417582
14.5938,-0.0417811
14.625,-0.0418038
14.6563,-0.0418266
14.6875,-0.0418492
14.7188,-0.0418718
14.75,-0.0418944
14.7813,-0.0419169
14.8125,-0.0419393
14.8438,-0.0419617
14.875,-0.0419841
14.9063,-0.0420064
14.9375,-0.0420286
14.9688,-0.0420508
15,-0.0420729
15.0313,-0.042095
15.0625,-0.042117
15.0938,-0.042139
15.125,-0.0421609
15.1563,-0.0421827
15.1875,-0.0422045
15.2188,-0.0422263
15.25,-0.042248
15.2813,-0.0422697
15.3125,-0.0422913
15.3438,-0.0423128
15.375,-0.0423344
15.4063,-0.0423558
15.4375,-0.0423772
15.4688,-0.0423986
15.5,-0.0424199
15.5313,-0.0424411
15.5625,-0.0424624
15.5938,-0.0424835
15.625,-0.0425046
15.6563,-0.0425257
15.6875,-0.0425467
15.7188,-0.0425677
15.75,-0.0425886
15.7813,-0.0426095
15.8125,-0.0426303
15.8438,-0.0426511
15.875,-0.0426718
15.9063,-0.0426925
15.9375,-0.0427132
15.9688,-0.0427338
16,-0.0427543
16.0313,-0.0427748
16.0625,-0.0427953
16.0938,-0.0428157
16.125,-0.0428361
16.1563,-0.0428564
16.1875,-0.0428766
16.2188,-0.0428969
16.25,-0.0429171
16.2813,-0.0429372
16.3125,-0.0429573
16.3438,-0.0429774
16.375,-0.0429974
16.4063,-0.0430173
16.4375,-0.0430373
16.4688,-0.0430572
16.5,-0.043077
16.5313,-0.0430968
16.5625,-0.0431165
16.5938,-0.0431362
16.625,-0.0431559
16.6563,-0.0431755
16.6875,-0.0431951
16.7188,-0.0432147
16.75,-0.0432342
16.7813,-0.0432536
16.8125,-0.043273
16.8438,-0.0432924
16.875,-0.0433117
16.9063,-0.043331
16.9375,-0.0433503
16.9688,-0.0433695
17,-0.0433887
17.0313,-0.0434078
17.0625,-0.0434269
17.0938,-0.043446
17.125,-0.043465
17.1563,-0.0434839
17.1875,-0.0435029
17.2188,-0.0435218
17.25,-0.0435406
17.2813,-0.0435594
17.3125,-0.0435782
17.3438,-0.0435969
17.375,-0.0436156
17.4063,-0.0436343
17.4375,-0.0436529
17.4688,-0.0436715
17.5,-0.0436901
17.5313,-0.0437086
17.5625,-0.043727
17.5938,-0.0437455
17.625,-0.0437639
17.6563,-0.0437822
17.6875,-0.0438006
17.7188,-0.0438188
17.75,-0.0438371
17.7813,-0.0438553
17.8125,-0.0438735
17.8438,-0.0438916
17.875,-0.0439097
17.9063,-0.0439278
17.9375,-0.0439458
17.9688,-0.0439638
18,-0.0439818
18.0313,-0.0439997
18.0625,-0.0440176
18.0938,-0.0440354
18.125,-0.0440533
18.1563,-0.044071
18.1875,-0.0440888
18.2188,-0.0441065
18.25,-0.0441242
18.2813,-0.0441418
18.3125,-0.0441594
18.3438,-0.044177
18.375,-0.0441945
18.4063,-0.0442121
18.4375,-0.0442295
18.4688,-0.044247
18.5,-0.0442644
18.5313,-0.0442817
18.5625,-0.0442991
18.5938,-0.0443164
18.625,-0.0443337
18.6563,-0.0443509
18.6875,-0.0443681
18.7188,-0.0443853
18.75,-0.0444024
18.7813,-0.0444195
18.8125,-0.0444366
18.8438,-0.0444537
18.875,-0.0444707
18.9063,-0.0444876
18.9375,-0.0445046
18.9688,-0.0445215
19,-0.0445384
19.0313,-0.0445552
19.0625,-0.0445721
19.0938,-0.0445889
19.125,-0.0446056
19.1563,-0.0446223
19.1875,-0.044639
19.2188,-0.0446557
19.25,-0.0446723
19.2813,-0.0446889
19.3125,-0.0447055
19.3438,-0.0447221
19.375,-0.0447386
19.4063,-0.044755
19.4375,-0.0447715
19.4688,-0.0447879
19.5,-0.0448043
19.5313,-0.0448207
19.5625,-0.044837
19.5938,-0.0448533
19.625,-0.0448696
19.6563,-0.0448858
19.6875,-0.044902
19.7188,-0.0449182
19.75,-0.0449344
19.7813,-0.0449505
19.8125,-0.0449666
19.8438,-0.0449827
19.875,-0.0449987
19.9063,-0.0450147
19.9375,-0.0450307
19.9688,-0.0450466
20,-0.0450626
20.0313,-0.0450785
20.0625,-0.0450943
20.0938,-0.0451102
20.125,-0.045126
20.1563,-0.0451418
20.1875,-0.0451575
20.2188,-0.0451733
20.25,-0.045189
20.2813,-0.0452046
20.3125,-0.0452203
20.3438,-0.0452359
20.375,-0.0452515
20.4063,-0.045267
20.4375,-0.0452826
20.4688,-0.0452981
20.5,-0.0453136
20.5313,-0.045329
20.5625,-0.0453445
20.5938,-0.0453599
20.625,-0.0453752
20.6563,-0.0453906
20.6875,-0.0454059
20.7188,-0.0454212
20.75,-0.0454365
20.7813,-0.0454517
20.8125,-0.0454669
20.8438,-0.0454821
20.875,-0.0454973
20.9063,-0.0455124
20.9375,-0.0455276
20.9688,-0.0455426
21,-0.0455577
21.0313,-0.0455728
21.0625,-0.0455878
21.0938,-0.0456028
21.125,-0.0456177
21.1563,-0.0456326
21.1875,-0.0456476
21.2188,-0.0456624
21.25,-0.0456773
21.2813,-0.0456921
21.3125,-0.045707
21.3438,-0.0457217
21.375,-0.0457365
21.4063,-0.0457513
21.4375,-0.045766
21.4688,-0.0457807
21.5,-0.0457953
21.5313,-0.04581
21.5625,-0.0458246
21.5938,-0.0458392
21.625,-0.0458537
21.6563,-0.0458683
21.6875,-0.0458828
21.7188,-0.0458973
21.75,-0.0459118
21.7813,-0.0459262
21.8125,-0.0459407
21.8438,-0.0459551
21.875,-0.0459694
21.9063,-0.0459838
21.9375,-0.0459981
21.9688,-0.0460124
22,-0.0460267
22.0313,-0.046041
22.0625,-0.0460552
22.0938,-0.0460694
22.125,-0.0460836
22.1563,-0.0460978
22.1875,-0.046112
22.2188,-0.0461261
22.25,-0.0461402
22.2813,-0.0461543
22.3125,-0.0461683
22.3438,-0.0461824
22.375,-0.0461964
22.4063,-0.0462104
22.4375,-0.0462244
22.4688,-0.0462383
22.5,-0.0462522
22.5313,-0.0462661
22.5625,-0.04628
22.5938,-0.0462939
22.625,-0.0463077
22.6563,-0.0463215
22.6875,-0.0463353
22.7188,-0.0463491
22.75,-0.0463629
22.7813,-0.0463766
22.8125,-0.0463903
22.8438,-0.046404
22.875,-0.0464177
22.9063,-0.0464313
22.9375,-0.0464449
22.9688,-0.0464585
23,-0.0464721
23.0313,-0.0464857
23.0625,-0.0464992
23.0938,-0.0465127
23.125,-0.0465262
23.1563,-0.0465397
23.1875,-0.0465532
23.2188,-0.0465666
23.25,-0.04658
23.2813,-0.0465934
23.3125,-0.0466068
23.3438,-0.0466202
23.375,-0.0466335
23.4063,-0.0466468
23.4375,-0.0466601
23.4688,-0.0466734
23.5,-0.0466866
23.5313,-0.0466999
23.5625,-0.0467131
23.5938,-0.0467263
23.625,-0.0467395
23.6563,-0.0467526
23.6875,-0.0467658
23.7188,-0.0467789
23.75,-0.046792
23.7813,-0.046805
23.8125,-0.0468181
23.8438,-0.0468311
23.875,-0.0468442
23.9063,-0.0468572
23.9375,-0.0468701
23.9688,-0.0468831
24,-0.046896
24.0313,-0.046909
24.0625,-0.0469219
24.0938,-0.0469348
24.125,-0.0469476
24.1563,-0.0469605
24.1875,-0.0469733
24.2188,-0.0469861
24.25,-0.0469989
24.2813,-0.0470117
24.3125,-0.0470244
24.3438,-0.0470372
24.375,-0.0470499
24.4063,-0.0470626
24.4375,-0.0470753
24.4688,-0.0470879
24.5,-0.0471006
24.5313,-0.0471132
24.5625,-0.0471258
24.5938,-0.0471384
24.625,-0.047151
24.6563,-0.0471635
24.6875,-0.047176
24.7188,-0.0471886
24.75,-0.0472011
24.7813,-0.0472135
24.8125,-0.047226
24.8438,-0.0472384
24.875,-0.0472509
24.9063,-0.0472633
24.9375,-0.0472757
24.9688,-0.047288
25,-0.0473004
